# Stock data for AAPL from 2025-01-01 to 2026-05-15
# Total records: 343
# Data retrieved on: 2026-09-13 23:14:14

Date,Open,High,Low,Close,Volume,Dividends,Stock Splits
2025-01-02,247.14,247.31,240.08,242.09,55740700,0.0,0.0
2025-01-03,241.61,242.42,240.15,241.61,40244100,0.0,0.0
2025-01-06,242.55,245.55,241.45,243.23,45045600,0.0,0.0
2025-01-07,241.23,243.78,239.61,240.46,40856000,0.0,0.0
2025-01-08,240.18,241.95,238.32,240.95,37628900,0.0,0.0
2025-01-10,238.28,238.43,231.32,235.14,61710900,0.0,0.0
2025-01-13,231.85,232.98,228.06,232.71,49630700,0.0,0.0
2025-01-14,233.06,234.42,230.8,231.6,39435300,0.0,0.0
2025-01-15,232.95,237.24,232.74,236.16,39832000,0.0,0.0
2025-01-16,235.64,236.3,226.39,226.62,71759100,0.0,0.0
2025-01-17,230.45,230.62,226.83,228.32,68488300,0.0,0.0
2025-01-21,222.39,222.8,217.8,221.04,98070400,0.0,0.0
2025-01-22,218.21,222.51,218.21,222.22,64126500,0.0,0.0
2025-01-23,223.12,225.39,220.7,222.05,60234800,0.0,0.0
2025-01-24,223.16,224.0,219.81,221.17,54697900,0.0,0.0
2025-01-27,222.41,230.48,222.37,228.2,94863400,0.0,0.0
2025-01-28,229.19,238.46,229.15,236.54,75707600,0.0,0.0
2025-01-29,232.43,238.13,232.32,237.64,45486100,0.0,0.0
2025-01-30,236.95,239.06,235.5,235.88,55658300,0.0,0.0
2025-01-31,245.41,245.41,231.76,234.3,100959800,0.0,0.0
2025-02-03,228.33,230.16,224.07,226.37,73063300,0.0,0.0
2025-02-04,225.61,231.45,225.02,231.12,45067300,0.0,0.0
2025-02-05,226.88,230.99,226.63,230.8,39620300,0.0,0.0
2025-02-06,229.62,232.12,228.77,231.54,29925300,0.0,0.0
2025-02-07,230.92,232.31,225.62,225.99,39707200,0.0,0.0
2025-02-10,228.17,229.18,225.81,226.26,33115600,0.25,0.0
2025-02-11,226.8,233.79,226.74,231.2,53718400,0.0,0.0
2025-02-12,229.79,235.51,229.27,235.42,45243300,0.0,0.0
2025-02-13,235.46,240.86,234.13,240.05,53614100,0.0,0.0
2025-02-14,239.78,244.05,239.52,243.1,40896200,0.0,0.0
2025-02-18,242.66,243.68,240.36,242.98,48822500,0.0,0.0
2025-02-19,243.16,244.51,241.67,243.37,32204200,0.0,0.0
2025-02-20,243.44,245.27,242.8,244.33,32316900,0.0,0.0
2025-02-21,244.45,247.17,243.72,244.05,53197400,0.0,0.0
2025-02-24,243.43,247.34,242.93,245.59,51326400,0.0,0.0
2025-02-25,246.48,248.47,243.41,245.53,48013300,0.0,0.0
2025-02-26,242.84,243.48,237.67,238.89,44433600,0.0,0.0
2025-02-27,237.95,240.98,235.61,235.85,41153600,0.0,0.0
2025-02-28,235.5,240.61,228.79,240.36,56833400,0.0,0.0
2025-03-03,240.31,242.54,234.67,236.57,47184000,0.0,0.0
2025-03-04,236.26,238.6,233.25,234.49,53798100,0.0,0.0
2025-03-05,233.98,235.1,227.83,234.3,47227600,0.0,0.0
2025-03-06,233.01,236.41,231.73,233.89,45170400,0.0,0.0
2025-03-07,233.67,239.89,233.32,237.61,46273600,0.0,0.0
2025-03-10,234.1,234.72,222.85,226.09,72071200,0.0,0.0
2025-03-11,222.44,224.46,216.12,219.49,76137400,0.0,0.0
2025-03-12,218.79,220.39,213.6,215.65,62547500,0.0,0.0
2025-03-13,214.63,215.51,207.15,208.4,61368300,0.0,0.0
2025-03-14,209.96,212.64,208.3,212.18,60107600,0.0,0.0
2025-03-17,212.01,213.9,208.69,212.69,48073400,0.0,0.0
2025-03-18,212.85,213.83,210.2,211.39,42432400,0.0,0.0
2025-03-19,212.91,217.42,212.44,213.92,54385400,0.0,0.0
2025-03-20,212.68,216.16,210.92,212.79,48862900,0.0,0.0
2025-03-21,210.27,217.5,209.99,216.94,94127800,0.0,0.0
2025-03-24,219.65,220.13,217.24,219.38,44299500,0.0,0.0
2025-03-25,219.42,222.73,218.73,222.38,34493600,0.0,0.0
2025-03-26,222.14,223.64,219.12,220.18,34466100,0.0,0.0
2025-03-27,220.04,223.61,219.21,222.48,37094800,0.0,0.0
2025-03-28,220.31,222.44,216.35,216.57,39818600,0.0,0.0
2025-03-31,215.68,224.24,214.91,220.77,65299300,0.0,0.0
2025-04-01,218.47,222.31,217.56,221.83,36412700,0.0,0.0
2025-04-02,219.97,223.81,219.67,222.52,35905900,0.0,0.0
2025-04-03,204.28,206.22,200.02,201.95,103419000,0.0,0.0
2025-04-04,192.7,198.66,186.19,187.23,125910900,0.0,0.0
2025-04-07,176.12,192.96,173.55,180.35,160466300,0.0,0.0
2025-04-08,185.56,189.18,168.18,171.37,120859500,0.0,0.0
2025-04-09,170.9,199.38,170.84,197.63,184395900,0.0,0.0
2025-04-10,187.91,193.59,181.88,189.26,121880000,0.0,0.0
2025-04-11,184.96,198.32,184.92,196.94,87435900,0.0,0.0
2025-04-14,210.15,211.64,199.93,201.28,101352900,0.0,0.0
2025-04-15,200.63,202.27,198.58,200.9,51343900,0.0,0.0
2025-04-16,197.15,199.47,191.19,193.08,59732400,0.0,0.0
2025-04-17,195.99,197.61,193.23,195.78,52164700,0.0,0.0
2025-04-21,192.09,192.62,188.65,191.98,46742500,0.0,0.0
2025-04-22,194.92,200.36,194.77,198.52,52976400,0.0,0.0
2025-04-23,204.74,206.73,201.56,203.35,52929200,0.0,0.0
2025-04-24,203.64,207.55,201.7,207.1,47311000,0.0,0.0
2025-04-25,205.11,208.47,204.94,208.0,38222300,0.0,0.0
2025-04-28,208.72,210.21,206.19,208.86,38743100,0.0,0.0
2025-04-29,207.41,210.94,207.1,209.92,36827600,0.0,0.0
2025-04-30,208.02,212.27,205.41,211.2,52286500,0.0,0.0
2025-05-01,207.8,213.25,207.62,212.02,57365700,0.0,0.0
2025-05-02,204.83,205.72,200.92,204.09,101010600,0.0,0.0
2025-05-05,201.86,202.85,197.0,197.67,69018500,0.0,0.0
2025-05-06,197.0,199.42,195.82,197.3,51216500,0.0,0.0
2025-05-07,197.95,198.22,192.07,195.05,68536700,0.0,0.0
2025-05-08,196.51,198.83,193.49,196.28,50478900,0.0,0.0
2025-05-09,197.78,199.31,196.33,197.32,36453900,0.0,0.0
2025-05-12,209.96,210.25,205.76,209.78,63775800,0.26,0.0
2025-05-13,209.42,212.37,207.99,211.91,51909300,0.0,0.0
2025-05-14,211.41,212.91,209.57,211.31,49325800,0.0,0.0
2025-05-15,209.94,211.94,208.53,210.43,45029500,0.0,0.0
2025-05-16,211.34,211.55,208.76,210.24,54737900,0.0,0.0
2025-05-19,206.91,208.47,203.28,207.78,46140500,0.0,0.0
2025-05-20,206.67,207.47,204.04,205.87,42496600,0.0,0.0
2025-05-21,204.18,206.04,199.74,201.12,59211800,0.0,0.0
2025-05-22,199.74,201.77,198.74,200.39,46742400,0.0,0.0
2025-05-23,192.74,196.75,192.53,194.33,78432900,0.0,0.0
2025-05-27,197.35,199.77,196.48,199.25,56288500,0.0,0.0
2025-05-28,199.63,201.75,198.94,199.46,45339700,0.0,0.0
2025-05-29,202.6,202.83,197.56,198.99,51396800,0.0,0.0
2025-05-30,198.41,200.99,195.83,199.88,70819900,0.0,0.0
2025-06-02,199.32,201.16,199.16,200.73,35423300,0.0,0.0
2025-06-03,200.38,202.79,199.99,202.29,46381600,0.0,0.0
2025-06-04,201.93,205.25,201.13,201.84,43604000,0.0,0.0
2025-06-05,202.52,203.77,199.19,199.67,55126100,0.0,0.0
2025-06-06,202.02,204.71,201.08,202.94,46607700,0.0,0.0
2025-06-09,203.41,205.01,199.06,200.48,72862600,0.0,0.0
2025-06-10,199.64,203.37,199.61,201.7,54672600,0.0,0.0
2025-06-11,202.52,203.52,197.46,197.82,60989900,0.0,0.0
2025-06-12,198.12,198.72,196.41,198.24,43904600,0.0,0.0
2025-06-13,198.77,199.41,194.76,195.51,51447300,0.0,0.0
2025-06-16,196.35,197.73,195.61,197.47,43020700,0.0,0.0
2025-06-17,196.25,197.44,194.27,194.7,38856200,0.0,0.0
2025-06-18,195.0,196.62,194.13,195.63,45394700,0.0,0.0
2025-06-20,197.29,200.73,195.91,200.03,96813500,0.0,0.0
2025-06-23,200.66,201.33,198.0,200.53,55814300,0.0,0.0
2025-06-24,201.62,202.46,199.24,199.34,54064000,0.0,0.0
2025-06-25,200.48,202.69,199.66,200.59,39525700,0.0,0.0
2025-06-26,200.46,201.67,198.5,200.03,50799100,0.0,0.0
2025-06-27,200.92,202.24,199.04,200.11,73188600,0.0,0.0
2025-06-30,201.04,206.39,198.3,204.18,91912800,0.0,0.0
2025-07-01,205.68,209.18,205.15,206.82,78788900,0.0,0.0
2025-07-02,207.91,212.31,207.14,211.42,67941800,0.0,0.0
2025-07-03,211.13,213.62,210.79,212.52,34955800,0.0,0.0
2025-07-07,211.66,215.19,207.8,208.94,50229000,0.0,0.0
2025-07-08,209.09,210.41,207.45,209.0,42848900,0.0,0.0
2025-07-09,208.52,210.31,206.22,210.12,48749400,0.0,0.0
2025-07-10,209.5,212.45,209.02,211.39,44443600,0.0,0.0
2025-07-11,209.56,211.11,208.85,210.14,39765800,0.0,0.0
2025-07-14,208.92,209.9,206.54,207.62,38840100,0.0,0.0
2025-07-15,208.21,210.87,207.92,208.1,42296300,0.0,0.0
2025-07-16,209.29,211.38,207.64,209.15,47490500,0.0,0.0
2025-07-17,209.56,210.78,208.58,209.01,48068100,0.0,0.0
2025-07-18,209.86,210.77,208.69,210.16,48974600,0.0,0.0
2025-07-21,211.08,214.74,210.61,211.46,51377400,0.0,0.0
2025-07-22,212.11,213.92,211.21,213.37,46404100,0.0,0.0
2025-07-23,213.97,214.12,211.39,213.12,46989300,0.0,0.0
2025-07-24,212.87,214.65,212.5,212.73,46022600,0.0,0.0
2025-07-25,213.67,214.2,212.37,212.85,40268800,0.0,0.0
2025-07-28,213.0,213.82,212.04,213.02,37858000,0.0,0.0
2025-07-29,213.15,213.78,209.81,210.25,51411700,0.0,0.0
2025-07-30,210.88,211.37,206.72,208.04,45512500,0.0,0.0
2025-07-31,207.49,208.83,206.16,206.57,80698400,0.0,0.0
2025-08-01,209.86,212.55,200.53,201.41,104434500,0.0,0.0
2025-08-04,203.53,206.88,200.71,202.37,75109300,0.0,0.0
2025-08-05,202.42,204.35,201.19,201.94,44155100,0.0,0.0
2025-08-06,204.64,214.34,204.6,212.22,108483100,0.0,0.0
2025-08-07,217.83,219.79,215.54,218.97,90224800,0.0,0.0
2025-08-08,219.77,229.89,218.2,228.25,113854000,0.0,0.0
2025-08-11,227.08,228.72,223.93,226.34,61806100,0.26,0.0
2025-08-12,227.17,229.95,226.23,228.8,55626200,0.0,0.0
2025-08-13,230.22,234.14,229.58,232.47,69878500,0.0,0.0
2025-08-14,233.2,234.25,230.0,231.92,51916300,0.0,0.0
2025-08-15,233.14,233.42,228.5,230.74,56038700,0.0,0.0
2025-08-18,230.85,232.26,229.26,230.04,37476200,0.0,0.0
2025-08-19,230.43,232.01,228.51,229.71,39402600,0.0,0.0
2025-08-20,229.13,229.62,224.94,225.18,42263900,0.0,0.0
2025-08-21,225.44,225.69,222.96,224.07,30621200,0.0,0.0
2025-08-22,225.34,228.25,224.58,226.92,42477800,0.0,0.0
2025-08-25,225.65,228.46,225.4,226.32,30983100,0.0,0.0
2025-08-26,226.04,228.65,223.86,228.47,54575100,0.0,0.0
2025-08-27,227.77,230.05,227.42,229.64,31259500,0.0,0.0
2025-08-28,229.97,232.55,228.5,231.7,38074700,0.0,0.0
2025-08-29,231.65,232.52,230.52,231.29,39418400,0.0,0.0
2025-09-02,228.41,230.0,226.13,228.87,44075600,0.0,0.0
2025-09-03,236.34,237.97,233.5,237.59,66427800,0.0,0.0
2025-09-04,237.57,239.02,235.87,238.9,47549400,0.0,0.0
2025-09-05,239.12,240.43,237.61,238.81,54870400,0.0,0.0
2025-09-08,238.42,239.27,235.47,237.0,48999500,0.0,0.0
2025-09-09,236.13,237.9,232.5,233.49,66313900,0.0,0.0
2025-09-10,231.34,231.56,225.12,225.96,83440800,0.0,0.0
2025-09-11,226.05,229.6,225.82,229.18,50208600,0.0,0.0
2025-09-12,228.38,233.65,228.18,233.21,55824200,0.0,0.0
2025-09-15,236.13,237.31,234.17,235.83,42699500,0.0,0.0
2025-09-16,236.31,240.33,235.45,237.27,63421100,0.0,0.0
2025-09-17,238.09,239.22,236.86,238.11,46508000,0.0,0.0
2025-09-18,239.09,240.31,235.78,237.0,44249600,0.0,0.0
2025-09-19,240.34,245.39,239.33,244.6,163741300,0.0,0.0
2025-09-22,247.39,255.7,247.21,255.14,105517400,0.0,0.0
2025-09-23,254.94,256.39,252.65,253.49,60275200,0.0,0.0
2025-09-24,254.28,254.8,250.12,251.38,42303700,0.0,0.0
2025-09-25,252.28,256.22,250.78,255.92,55202100,0.0,0.0
2025-09-26,253.16,256.65,252.85,254.52,46076300,0.0,0.0
2025-09-29,253.62,254.06,252.08,253.49,40127700,0.0,0.0
2025-09-30,253.92,254.98,252.18,253.69,37704300,0.0,0.0
2025-10-01,254.1,257.84,253.99,254.51,48713900,0.0,0.0
2025-10-02,255.64,257.23,253.21,256.18,42630200,0.0,0.0
2025-10-03,253.73,258.29,253.02,257.07,49155600,0.0,0.0
2025-10-06,257.04,258.12,254.11,255.75,44664100,0.0,0.0
2025-10-07,255.86,256.45,254.49,255.54,31955800,0.0,0.0
2025-10-08,255.58,257.57,255.17,257.11,36496900,0.0,0.0
2025-10-09,256.86,257.05,252.21,253.11,38322000,0.0,0.0
2025-10-10,254.0,255.44,243.1,244.37,61999100,0.0,0.0
2025-10-13,248.46,248.77,244.66,246.75,38142900,0.0,0.0
2025-10-14,245.69,247.93,243.8,246.86,35478000,0.0,0.0
2025-10-15,248.57,250.89,246.56,248.42,33893600,0.0,0.0
2025-10-16,247.34,248.12,244.23,246.54,39777000,0.0,0.0
2025-10-17,247.11,252.45,246.36,251.36,49147000,0.0,0.0
2025-10-20,254.95,263.41,254.69,261.27,90483000,0.0,0.0
2025-10-21,260.92,264.31,260.87,261.8,46695900,0.0,0.0
2025-10-22,261.68,261.88,254.49,257.5,45015300,0.0,0.0
2025-10-23,258.98,259.66,257.06,258.62,32754900,0.0,0.0
2025-10-24,260.23,263.16,258.23,261.85,38253700,0.0,0.0
2025-10-27,263.91,268.13,263.68,267.82,44888200,0.0,0.0
2025-10-28,268.0,268.9,267.16,268.01,41534800,0.0,0.0
2025-10-29,268.29,270.41,266.13,268.71,51086700,0.0,0.0
2025-10-30,270.99,273.13,267.49,270.4,69886500,0.0,0.0
2025-10-31,275.97,276.3,268.17,269.37,86167100,0.0,0.0
2025-11-03,269.42,269.85,265.27,268.06,50194600,0.0,0.0
2025-11-04,267.34,270.49,266.64,269.05,49274800,0.0,0.0
2025-11-05,267.62,270.7,265.95,269.15,43683100,0.0,0.0
2025-11-06,266.9,272.39,266.9,268.78,51204000,0.0,0.0
2025-11-07,268.81,271.29,265.79,267.48,48227400,0.0,0.0
2025-11-10,268.23,272.99,266.73,268.7,41312400,0.26,0.0
2025-11-11,269.08,275.16,269.07,274.5,46208300,0.0,0.0
2025-11-12,274.25,274.98,270.96,272.73,48398000,0.0,0.0
2025-11-13,273.37,275.95,271.35,272.21,49602800,0.0,0.0
2025-11-14,270.31,275.21,268.87,271.67,47431300,0.0,0.0
2025-11-17,268.09,269.76,265.01,266.73,45018300,0.0,0.0
2025-11-18,269.26,269.98,264.6,266.71,45677300,0.0,0.0
2025-11-19,264.81,271.47,264.78,267.83,40424500,0.0,0.0
2025-11-20,270.09,274.68,265.2,265.53,45823600,0.0,0.0
2025-11-21,265.23,272.59,264.95,270.75,59030800,0.0,0.0
2025-11-24,270.16,276.25,270.16,275.17,65585800,0.0,0.0
2025-11-25,274.52,279.62,274.5,276.22,46914200,0.0,0.0
2025-11-26,276.21,278.77,275.88,276.8,33431400,0.0,0.0
2025-11-28,276.51,278.24,275.24,278.09,20135600,0.0,0.0
2025-12-01,277.26,282.65,275.39,282.33,46587700,0.0,0.0
2025-12-02,282.23,286.62,281.86,285.41,53669500,0.0,0.0
2025-12-03,285.42,287.84,282.53,283.38,43538700,0.0,0.0
2025-12-04,283.33,283.96,277.83,279.94,43989100,0.0,0.0
2025-12-05,279.78,280.38,277.3,278.02,47265800,0.0,0.0
2025-12-08,277.37,278.91,275.4,277.14,38211800,0.0,0.0
2025-12-09,277.4,279.27,276.17,276.43,32193300,0.0,0.0
2025-12-10,277.0,278.99,275.69,278.02,33038300,0.0,0.0
2025-12-11,278.34,278.83,273.07,277.28,33248000,0.0,0.0
2025-12-12,277.15,278.46,276.07,277.52,39532900,0.0,0.0
2025-12-15,279.39,279.39,272.1,273.37,50409100,0.0,0.0
2025-12-16,272.08,274.75,271.05,273.86,37648600,0.0,0.0
2025-12-17,274.26,275.41,270.9,271.1,50138700,0.0,0.0
2025-12-18,272.87,272.89,266.23,271.45,51630700,0.0,0.0
2025-12-19,271.41,273.85,269.17,272.93,144632000,0.0,0.0
2025-12-22,272.12,273.14,269.78,270.23,36571800,0.0,0.0
2025-12-23,270.1,271.76,268.83,271.62,29642000,0.0,0.0
2025-12-24,271.6,274.68,271.46,273.07,17910600,0.0,0.0
2025-12-26,273.42,274.62,272.12,272.66,21521800,0.0,0.0
2025-12-29,271.95,273.62,271.61,273.02,23715200,0.0,0.0
2025-12-30,272.07,273.34,271.54,272.34,22139600,0.0,0.0
2025-12-31,272.32,272.94,271.01,271.12,27293600,0.0,0.0
2026-01-02,271.52,277.09,268.27,270.27,37838100,0.0,0.0
2026-01-05,269.91,270.77,265.42,266.53,45647200,0.0,0.0
2026-01-06,266.28,266.82,261.41,261.65,52352100,0.0,0.0
2026-01-07,262.49,262.96,259.1,259.62,48309800,0.0,0.0
2026-01-08,256.32,258.59,255.01,258.34,50419300,0.0,0.0
2026-01-09,258.38,259.5,255.52,258.67,39997000,0.0,0.0
2026-01-12,258.46,260.59,256.1,259.54,45263800,0.0,0.0
2026-01-13,258.02,261.1,257.69,260.34,45730800,0.0,0.0
2026-01-14,258.79,261.11,256.01,259.25,40019400,0.0,0.0
2026-01-15,259.94,260.33,256.35,257.51,39388600,0.0,0.0
2026-01-16,257.2,258.2,254.24,254.84,72142800,0.0,0.0
2026-01-20,252.04,254.1,242.76,246.03,80267500,0.0,0.0
2026-01-21,248.02,250.88,244.51,246.98,54641700,0.0,0.0
2026-01-22,248.52,250.32,247.48,247.68,39708300,0.0,0.0
2026-01-23,246.65,248.73,244.02,247.37,41689000,0.0,0.0
2026-01-26,250.8,255.86,249.12,254.72,55969200,0.0,0.0
2026-01-27,258.47,261.24,257.51,257.57,49648300,0.0,0.0
2026-01-28,256.95,258.16,253.82,255.74,41288000,0.0,0.0
2026-01-29,257.3,258.95,253.72,257.58,67253000,0.0,0.0
2026-01-30,254.48,261.19,251.5,258.78,92443400,0.0,0.0
2026-02-02,259.32,269.76,258.51,269.28,73913400,0.0,0.0
2026-02-03,268.47,271.14,266.88,268.75,64394700,0.0,0.0
2026-02-04,271.55,278.19,271.55,275.74,90545700,0.0,0.0
2026-02-05,277.38,278.74,272.49,275.16,52977400,0.0,0.0
2026-02-06,276.37,280.15,276.18,277.36,50453400,0.0,0.0
2026-02-09,277.41,277.7,271.22,274.13,44623400,0.26,0.0
2026-02-10,274.4,274.88,272.45,273.19,34376900,0.0,0.0
2026-02-11,274.21,279.68,273.96,275.01,51931300,0.0,0.0
2026-02-12,275.1,275.23,259.72,261.26,81077200,0.0,0.0
2026-02-13,261.54,261.76,254.99,255.32,56290700,0.0,0.0
2026-02-17,257.59,265.82,255.08,263.41,58469100,0.0,0.0
2026-02-18,263.13,266.34,261.98,263.88,34203300,0.0,0.0
2026-02-19,262.13,264.01,259.59,260.12,30845300,0.0,0.0
2026-02-20,258.51,264.28,257.7,264.11,42070500,0.0,0.0
2026-02-23,263.02,268.95,262.91,265.71,37308200,0.0,0.0
2026-02-24,267.38,274.4,267.23,271.66,47014600,0.0,0.0
2026-02-25,271.3,274.45,270.57,273.74,33714300,0.0,0.0
2026-02-26,274.46,275.62,270.32,272.46,32345100,0.0,0.0
2026-02-27,272.32,272.32,262.42,263.71,72366500,0.0,0.0
2026-03-02,261.94,266.06,259.74,264.25,41827900,0.0,0.0
2026-03-03,263.01,265.09,259.67,263.28,38568900,0.0,0.0
2026-03-04,264.18,265.68,260.95,262.05,39803100,0.0,0.0
2026-03-05,260.33,261.09,256.79,259.83,49658600,0.0,0.0
2026-03-06,258.17,258.31,253.92,257.0,41120000,0.0,0.0
2026-03-09,255.23,260.68,253.23,259.42,38218500,0.0,0.0
2026-03-10,257.19,262.01,256.49,260.37,30590800,0.0,0.0
2026-03-11,260.62,261.66,259.09,260.35,26218900,0.0,0.0
2026-03-12,258.2,258.49,253.73,255.3,40794000,0.0,0.0
2026-03-13,255.02,255.87,249.08,249.67,36930000,0.0,0.0
2026-03-16,251.66,253.44,249.43,252.37,32074200,0.0,0.0
2026-03-17,252.51,254.68,251.73,253.78,32361600,0.0,0.0
2026-03-18,252.18,254.49,248.56,249.49,35757900,0.0,0.0
2026-03-19,248.96,251.38,246.86,248.52,34864100,0.0,0.0
2026-03-20,247.54,248.76,245.56,247.55,88331100,0.0,0.0
2026-03-23,253.52,254.15,249.83,251.04,40546100,0.0,0.0
2026-03-24,249.9,254.38,249.11,251.19,45152300,0.0,0.0
2026-03-25,253.65,254.55,251.15,252.17,28476700,0.0,0.0
2026-03-26,251.67,256.54,250.32,252.44,41796700,0.0,0.0
2026-03-27,253.45,255.03,247.63,248.36,47900000,0.0,0.0
2026-03-30,249.62,250.42,245.07,246.19,39446200,0.0,0.0
2026-03-31,247.47,255.02,246.66,253.34,49598100,0.0,0.0
2026-04-01,253.63,255.72,252.88,255.17,40059400,0.0,0.0
2026-04-02,253.75,255.67,250.2,255.46,31289400,0.0,0.0
2026-04-06,256.05,261.69,256.0,258.4,29329900,0.0,0.0
2026-04-07,255.7,255.74,245.26,253.05,62148000,0.0,0.0
2026-04-08,257.99,259.29,256.07,258.44,41032800,0.0,0.0
2026-04-09,258.54,260.65,255.61,260.03,28121600,0.0,0.0
2026-04-10,259.52,261.72,258.56,260.02,31291500,0.0,0.0
2026-04-13,259.27,259.72,256.2,258.74,36234700,0.0,0.0
2026-04-14,258.79,261.46,256.73,258.37,48370700,0.0,0.0
2026-04-15,257.7,266.09,257.35,265.96,49913500,0.0,0.0
2026-04-16,266.32,266.68,260.8,262.93,43323100,0.0,0.0
2026-04-17,266.48,271.81,266.24,269.75,61436200,0.0,0.0
2026-04-20,269.85,273.79,269.81,272.56,36590200,0.0,0.0
2026-04-21,271.02,272.31,264.93,265.7,50209800,0.0,0.0
2026-04-22,267.34,273.25,266.39,272.68,43249200,0.0,0.0
2026-04-23,274.56,275.28,271.17,272.94,33399600,0.0,0.0
2026-04-24,272.27,272.57,269.17,270.58,38157100,0.0,0.0
2026-04-27,265.62,267.88,264.6,267.13,41466800,0.0,0.0
2026-04-28,271.85,272.74,268.18,270.23,40018900,0.0,0.0
2026-04-29,267.07,270.56,266.56,269.69,30047900,0.0,0.0
2026-04-30,270.02,275.51,267.66,270.87,91848200,0.0,0.0
2026-05-01,278.36,286.71,277.87,279.64,79915400,0.0,0.0
2026-05-04,279.16,280.13,274.37,276.34,46668400,0.0,0.0
2026-05-05,276.44,284.06,276.01,283.67,49311700,0.0,0.0
2026-05-06,281.42,287.52,280.57,287.0,58336100,0.0,0.0
2026-05-07,288.75,291.61,285.27,286.93,45224300,0.0,0.0
2026-05-08,289.49,294.23,289.48,292.8,52692800,0.0,0.0
2026-05-11,291.73,293.63,289.98,292.43,42247300,0.27,0.0
2026-05-12,292.31,295.02,292.31,294.55,45748100,0.0,0.0
2026-05-13,293.25,300.66,293.25,298.61,52684300,0.0,0.0
2026-05-14,299.56,300.19,295.13,297.95,35324900,0.0,0.0
2026-05-15,297.64,302.94,296.26,299.97,54862800,0.0,0.0
