# Balance Sheet for NVDA (annual), USD in millions unless the row says otherwise
# SEC EDGAR facts filed on or before 2026-05-15, at the values filed then

,2007-01-28,2008-01-25,2008-01-27,2008-07-27,2008-10-26,2009-01-25,2009-01-26,2009-04-26,2009-07-26,2009-10-25,2010-01-31,2010-05-02,2010-08-01,2010-10-31,2011-01-30,2011-05-01,2011-07-31,2011-10-30,2012-01-29,2012-04-29,2012-07-29,2012-10-28,2013-01-27,2013-04-28,2013-07-28,2013-10-27,2014-01-26,2014-04-27,2014-07-27,2014-10-26,2015-01-25,2015-04-26,2015-07-26,2015-10-25,2016-01-31,2016-05-01,2016-07-31,2016-10-30,2017-01-29,2017-04-30,2017-07-30,2017-10-29,2018-01-28,2018-04-29,2018-07-29,2018-10-28,2019-01-27,2019-04-28,2019-07-28,2019-10-27,2020-01-26,2020-04-26,2020-07-26,2020-10-25,2021-01-31,2021-05-02,2021-08-01,2021-10-31,2022-01-30,2022-05-01,2022-07-31,2022-10-30,2023-01-29,2023-04-30,2023-07-30,2023-10-29,2024-01-28,2024-04-28,2024-07-28,2024-10-27,2025-01-26,2025-04-27,2025-07-27,2025-10-26,2026-01-25
Total Assets,,,,,,3351,,,3298,3464,3586,3803,3731,3916,4495,4737,4864,5089,5553,5708,5892,6075,6412,6280,5570,5711,7251,6865,6934,6886,7201,7291,6979,7174,7370,7108,7461,9612,9841,9410,9402,9830,11241,11460,12882,13657,13292,14021,14775,15810,17315,23254,25180,26881,28791,30796,38650,40632,44187,45212,43476,40488,41182,44460,49555,54148,65728,77072,85227,96013,111601,125254,140740,161148,206803
Current Assets,,,,,,2168,,,2168,2358,2481,2727,2656,2808,3227,3497,3318,3500,3905,4032,4214,4425,4775,4607,3923,4050,5625,5274,5378,5341,5713,5832,5608,5834,6053,5790,6156,8307,8536,8116,8070,8479,9255,9448,10831,11386,10557,10629,11391,12420,13690,19584,14681,14393,16055,18127,25806,25806,28829,29575,27418,23223,23073,24883,28797,32658,44345,53729,59633,67640,80126,89935,102219,116492,125605
Cash and Equivalents,544,727,727,719,461,418,418,512,524,614,447,447,377,451,665,684,533,567,668,369,500,525,733,561,591,562,1152,509,515,395,497,464,435,471,596,547,426,1940,1766,1989,1988,2802,4002,765,718,721,782,2772,7105,9765,10896,15494,3274,2251,847,978,5628,1288,1990,3887,3013,2800,3389,5079,5783,5519,7280,7587,8563,9107,8589,15234,11639,11486,10605
Total Liabilities,,,,,,,,,,,,,,,,,,,,,,,,,,,,,,,2783,,,,2814,2833,2909,4243,4048,3271,3427,3477,3770,3743,4087,4182,3950,4317,4439,4596,5111,10155,11266,11547,11898,12022,17503,16834,17575,18892,19625,19139,19081,19940,22054,20883,22750,27930,27070,30114,32274,41411,40609,42251,49510
Current Liabilities,,,,,,779,,,891,889,784,765,819,816,943,981,960,887,930,947,1022,991,976,926,936,986,945,898,869,934,896,883,936,855,2351,2377,2407,2041,1788,983,1032,1027,1153,1106,1462,1608,1329,1183,1317,1475,1784,1903,2410,3669,3925,4004,4448,3612,4335,5562,7573,6855,6563,7260,10334,9101,10631,15223,13969,16479,18047,26542,24257,26075,32163
Stockholders Equity,2007,,2618,,,2395,,,2247,2424,2665,2861,2761,2898,3181,3448,3689,3973,4146,4287,4454,4723,4827,4825,4172,4321,4455,4167,4305,4205,4418,4556,4185,4465,4469,4196,4480,5324,5762,6132,5973,6352,7471,7717,8795,9475,9342,9704,10336,11214,12204,13099,13914,15334,16893,18774,21147,23798,26612,26320,23851,21349,22101,24520,27501,33265,42978,49142,58157,65899,79327,83843,100131,118897,157293
