# Income Statement for INTC (quarterly), USD in millions unless the row says otherwise
# SEC EDGAR facts filed on or before 2026-02-13, at the values filed then

,2008-06-28,2008-09-27,2009-03-28,2009-06-27,2009-09-26,2010-03-27,2010-06-26,2010-09-25,2011-04-02,2011-07-02,2011-10-01,2012-03-31,2012-06-30,2012-09-29,2013-03-30,2013-06-29,2013-09-28,2014-03-29,2014-06-28,2014-09-27,2015-03-28,2015-06-27,2015-09-26,2016-04-02,2016-07-02,2016-10-01,2017-04-01,2017-07-01,2017-09-30,2018-03-31,2018-06-30,2018-09-29,2019-03-30,2019-06-29,2019-09-28,2020-03-28,2020-06-27,2020-09-26,2021-03-27,2021-06-26,2021-09-25,2022-04-02,2022-07-02,2022-10-01,2023-04-01,2023-07-01,2023-09-30,2024-03-30,2024-06-29,2024-09-28,2025-03-29,2025-06-28,2025-09-27
Revenue,9470,10217,7145,8024,9389,10299,10765,11102,12847,13032,14233,12906,13501,13457,12580,12811,13483,12764,13831,14554,12781,13195,14465,13702,13533,15778,14796,14763,16149,16066,16962,19163,16061,16505,19190,19828,19728,18333,19673,19631,19192,18353,15321,15338,11715,12949,14158,12724,12833,13284,12667,12859,13653
Cost of Revenue,4221,4198,3907,3945,3985,3770,3530,3781,4962,5130,5215,4641,4947,4942,5514,5341,5069,5151,4914,5096,5051,4947,5354,5572,5560,5795,5636,5667,6085,6335,6543,6803,6972,6627,7895,7812,9221,8592,8819,8425,8446,9109,9734,8803,7707,8311,8140,7507,8286,11287,7995,9317,8435
Gross Profit,5249,6019,3238,4079,5404,6529,7235,7321,7885,7902,9018,8265,8554,8515,7066,7470,8414,7613,8917,9458,7730,8248,9111,8130,7973,9983,9160,9096,10064,9731,10419,12360,9089,9878,11295,12016,10507,9741,10854,11206,10746,9244,5587,6535,4008,4638,6018,5217,4547,1997,4672,3542,5218
Operating Income,2255,3098,647,-12,2579,3448,3981,4136,4158,3935,4785,3810,3832,3841,2519,2719,3504,2510,3844,4540,2615,2896,4192,2568,1318,4462,3632,3842,5141,4470,5273,7349,4174,4617,6447,7038,5697,5059,3694,5546,5227,4341,-700,-175,-1468,-1016,-8,-1069,-1964,-9057,-301,-3176,683
Net Income,1601,2014,629,-398,1856,2442,2887,2955,3160,2954,3468,2738,2827,2972,2045,2000,2950,1930,2796,3317,1992,2706,3109,2046,1330,3378,2964,2808,4516,4454,5006,6398,3974,4179,5990,5661,5105,4276,3361,5061,6823,8113,-454,1019,-2758,1481,297,-381,-1610,-16639,-821,-2918,4063
Diluted EPS (USD/shares),0.28,0.35,0.11,-0.07,0.33,0.43,0.51,0.52,0.56,0.54,0.65,0.53,0.54,0.58,0.40,0.39,0.58,0.38,0.55,0.66,0.41,0.55,0.64,0.42,0.27,0.69,0.61,0.58,0.94,0.93,1.05,1.38,0.87,0.92,1.35,1.31,1.19,1.02,0.82,1.24,1.67,1.98,-0.11,0.25,-0.66,0.35,0.07,-0.09,-0.38,-3.88,-0.19,-0.67,0.90
