# Income Statement for AAPL (quarterly), USD in millions unless the row says otherwise
# SEC EDGAR facts filed on or before 2025-11-14, at the values filed then

,2008-06-28,2008-12-27,2009-03-28,2009-06-27,2009-09-26,2009-12-26,2010-03-27,2010-06-26,2010-09-25,2010-12-25,2011-03-26,2011-06-25,2011-09-24,2011-12-31,2012-03-31,2012-06-30,2012-09-29,2012-12-29,2013-03-30,2013-06-29,2013-09-28,2013-12-28,2014-03-29,2014-06-28,2014-09-27,2014-12-27,2015-03-28,2015-06-27,2015-09-26,2015-12-26,2016-03-26,2016-06-25,2016-09-24,2016-12-31,2017-04-01,2017-07-01,2017-09-30,2017-12-30,2018-03-31,2018-06-30,2018-09-29,2018-12-29,2019-03-30,2019-06-29,2019-09-28,2019-12-28,2020-03-28,2020-06-27,2020-09-26,2020-12-26,2021-03-27,2021-06-26,2021-12-25,2022-03-26,2022-06-25,2022-12-31,2023-04-01,2023-07-01,2023-12-30,2024-03-30,2024-06-29,2024-12-28,2025-03-29,2025-06-28
Revenue,7464,11880,9084,9734,12207,15683,13499,15700,20343,26741,24667,28571,28270,46333,39186,35023,35966,54512,43603,35323,37472,57594,45646,37432,42123,74599,58010,49605,51501,75872,50557,42358,46852,78351,52896,45408,52579,88293,61137,53265,62900,84310,58015,53809,64040,91819,58313,59685,64698,111439,89584,81434,123945,97278,82959,117154,94836,81797,119575,90753,85777,124300,95359,94036
Cost of Revenue,4864,7373,5457,5751,,9272,7874,9564,,16443,14449,16649,,25630,20622,20029,,33452,27254,22299,,35748,27699,22697,,44858,34354,29924,,45449,30636,26252,,48175,32305,27920,,54381,37715,32844,,52279,36194,33582,,56602,35943,37005,,67111,51505,46179,69702,54719,47074,66822,52860,45384,64720,48482,46099,66025,50492,50318
Gross Profit,2600,4507,3627,3983,5105,6411,5625,6136,7512,10298,10218,11922,11380,20703,18564,14994,14401,21060,16349,13024,13871,21846,17947,14735,16009,29741,23656,19681,20548,30423,19921,16106,17813,30176,20591,17488,19931,33912,23422,20421,24084,32031,21821,20227,24313,35217,22370,22680,24689,44328,38079,35255,54243,42559,35885,50332,41976,36413,54855,42271,39678,58275,44867,43718
Operating Income,1392,3101,2323,2632,,4725,3979,4234,,7827,7874,9379,,17340,15384,11573,,17210,12558,9201,,17463,13593,10282,,24246,18278,14083,,24171,13987,10105,,23359,14097,10768,,26274,15894,12612,,23346,13415,11544,,25569,12853,13091,,33534,27503,24126,41488,29979,23076,36016,28318,22998,40373,27900,25352,42832,29589,28202
Net Income,1072,2255,1620,1828,2532,3378,3074,3253,4308,6004,5987,7308,6623,13064,11622,8824,8223,13078,9547,6900,7512,13072,10223,7748,8467,18024,13569,10677,11124,18361,10516,7796,9014,17891,11029,8717,10714,20065,13822,11519,14125,19965,11561,10044,13686,22236,11249,11253,12673,28755,23630,21744,34630,25010,19442,29998,24160,19881,33916,23636,21448,36330,24780,23434
Diluted EPS (USD/shares),1.19,2.50,1.79,2.01,2.77,3.67,3.33,3.51,4.64,6.43,6.40,7.79,7.05,13.87,12.30,9.32,8.67,1.97,1.44,1.07,1.18,2.07,1.66,1.28,1.42,3.06,2.33,1.85,1.96,3.28,1.90,1.42,1.67,3.36,2.10,1.67,2.07,3.89,2.73,2.34,2.91,1.05,0.61,0.55,0.76,1.25,0.64,0.65,0.73,1.68,1.40,1.30,2.10,1.52,1.20,1.88,1.52,1.26,2.18,1.53,1.40,2.40,1.65,1.57
