# Balance Sheet for AAPL (annual), USD in millions unless the row says otherwise
# SEC EDGAR facts filed on or before 2026-02-13, at the values filed then

,2006-09-30,2007-09-29,2008-06-28,2008-09-27,2008-12-27,2009-03-28,2009-06-27,2009-09-26,2009-12-26,2010-03-27,2010-06-26,2010-09-25,2010-12-25,2011-03-26,2011-06-25,2011-09-24,2011-12-31,2012-03-31,2012-06-30,2012-09-29,2012-12-29,2013-03-30,2013-06-29,2013-09-28,2013-12-28,2014-03-29,2014-06-28,2014-09-27,2014-12-27,2015-03-28,2015-06-27,2015-09-26,2015-12-26,2016-03-26,2016-06-25,2016-09-24,2016-12-31,2017-04-01,2017-07-01,2017-09-30,2017-12-30,2018-03-31,2018-06-30,2018-09-29,2018-12-29,2019-03-30,2019-06-29,2019-09-28,2019-12-28,2020-03-28,2020-06-27,2020-09-26,2020-12-26,2021-03-27,2021-06-26,2021-09-25,2021-12-25,2022-03-26,2022-06-25,2022-09-24,2022-12-31,2023-04-01,2023-07-01,2023-09-30,2023-12-30,2024-03-30,2024-06-29,2024-09-28,2024-12-28,2025-03-29,2025-06-28,2025-09-27,2025-12-27
Total Assets,,,,36171,,,48140,47501,53926,57057,64725,75183,86742,94904,106758,116371,138681,150934,162896,176064,196088,194743,199856,207000,225184,205989,222520,231839,261894,261194,273151,290345,293284,305277,305602,321686,331141,334532,345173,375319,406794,367502,349197,365725,373719,341998,322239,338516,340618,320400,317344,323888,354054,337158,329840,351002,381191,350662,336309,352755,346747,332160,335038,352583,353514,337411,331612,364980,344085,331233,331495,359241,379297
Current Assets,,,,30006,,,35170,31555,33332,32336,36033,41678,43927,46997,46898,44988,54771,50712,51943,57653,72348,63337,68219,73286,80347,70541,67949,68531,83403,67891,70953,89378,76219,87592,93761,106869,103332,101990,112875,128645,143810,130053,115761,131339,140828,123346,134973,162819,163231,143753,140065,143713,154106,121465,114423,134836,153154,118180,112292,135405,128777,112913,122659,143566,143692,128416,125435,152987,133240,118674,122491,147957,158104
Cash and Equivalents,6392,9352,9373,11875,7236,4466,5605,5263,7609,10018,9705,11261,10734,15978,12091,9815,10310,10121,7945,10746,16154,12053,11248,14259,14077,18949,12977,13844,19478,14489,15319,21120,16689,21514,18237,20484,16371,15157,18571,20289,27491,45059,31971,25913,44771,37988,50530,48844,39771,40174,33383,38016,36010,38466,34050,34940,37119,28098,27502,23646,20535,24687,28408,29965,40760,32695,25565,29943,30299,28162,36269,35934,45317
Total Liabilities,,,,13874,,,22252,15861,18158,17709,21614,27392,32076,33427,37415,39756,48627,48436,51150,57854,68742,59253,76502,83451,95500,85810,101580,120292,138566,132188,147474,170990,165017,174820,179061,193437,198751,200450,212748,241272,266595,240624,234248,258578,255827,236138,225783,248028,251087,241975,245062,258549,287830,267980,265560,287912,309259,283263,278202,302083,290020,270002,274764,290437,279414,263217,264904,308030,277327,264437,265665,285508,291107
Current Liabilities,,,,11361,,,16661,11506,13097,12229,15612,20722,23795,24327,26859,27970,34607,32036,33060,38542,46879,35508,36319,43658,53769,43208,46205,63448,73611,58729,65285,80610,76092,68265,71486,79006,84130,73342,81302,100814,115788,89320,88548,115929,108283,93772,89704,105718,102161,96094,95318,105392,132507,106385,107754,125481,147574,127508,129873,153982,137286,120075,124963,145308,133973,123822,131624,176392,144365,144571,141120,165631,162367
Stockholders Equity,9984,14531,,22297,,,25888,31640,35768,39348,43111,47791,54666,61477,69343,76615,90054,102498,111746,118210,127346,135490,123354,123549,129684,120179,120940,111547,123328,129006,125677,119355,128267,130457,126541,128249,132390,134082,132425,134047,140199,126878,114949,107147,117892,105860,96456,90488,89531,78425,72282,65339,66224,69178,64280,63090,71932,67399,58107,50672,56727,62158,60274,62146,74100,74194,66708,56950,66758,66796,65830,73733,88190
