# Balance Sheet for PFE (annual), USD in millions unless the row says otherwise
# SEC EDGAR facts filed on or before 2026-05-15, at the values filed then

,2006-12-31,2007-12-31,2008-06-29,2008-09-28,2008-12-31,2009-03-29,2009-06-28,2009-09-27,2009-12-31,2010-01-04,2010-04-04,2010-07-04,2010-10-03,2010-12-31,2011-04-03,2011-07-03,2011-10-02,2011-12-31,2012-04-01,2012-07-01,2012-09-30,2012-12-31,2013-03-31,2013-06-30,2013-09-29,2013-12-31,2014-03-30,2014-06-29,2014-09-28,2014-12-31,2015-03-29,2015-06-28,2015-09-27,2015-12-31,2016-04-03,2016-07-03,2016-10-02,2016-12-31,2017-04-02,2017-07-02,2017-10-01,2017-12-31,2018-04-01,2018-07-01,2018-09-30,2018-12-31,2019-03-31,2019-06-30,2019-09-29,2019-12-31,2020-03-29,2020-06-28,2020-09-27,2020-12-31,2021-04-04,2021-07-04,2021-10-03,2021-12-31,2022-04-03,2022-07-03,2022-10-02,2022-12-31,2023-04-02,2023-07-02,2023-10-01,2023-12-31,2024-03-31,2024-06-30,2024-09-29,2024-12-31,2025-03-30,2025-06-29,2025-09-28,2025-12-31,2026-03-29
Total Assets,,,,,111148,,139339,141294,212949,,195113,191071,191415,195014,194956,195899,196132,188002,185683,182842,182603,185798,187398,179335,175521,172101,171808,172612,171362,167566,160640,160878,170867,167381,162929,170658,178430,171615,168784,168558,172151,171797,164612,164980,167838,159422,155421,156199,170446,167594,166336,177934,178983,154229,158818,169920,179188,181476,183841,195290,195350,197205,195617,220168,215021,226501,221095,216193,219476,213396,208028,206095,208731,208160,207618
Current Assets,,,,,43076,,71550,73784,61670,,49916,51101,54089,61013,58244,60484,62732,60817,54863,58765,57127,64831,64763,61435,59500,56244,57793,58287,56987,55595,49443,51715,45001,43804,41298,43845,38501,38949,35878,36385,40291,41141,34835,37303,41583,49926,45290,47073,33459,32803,34738,46424,47739,35067,39533,48814,57900,59693,54420,67466,70403,51259,50078,73347,74012,43333,42415,37825,43223,50358,45861,43703,46924,42898,42822
Cash and Equivalents,1827,3406,820,1265,2122,1247,2244,4234,1978,1978,1759,1877,2176,1735,730,3096,3706,3182,2934,3031,4506,10081,1892,2436,2052,2183,2862,3406,2437,3343,3563,3670,3099,3641,2561,3411,2094,2595,4057,2585,2779,1342,2302,2704,3559,1139,1937,1784,2785,1121,2151,1801,1587,1786,1768,2372,1966,1944,2470,1780,1298,416,2166,2632,3148,2853,719,1052,1092,1043,1430,1638,1343,1142,1703
Total Liabilities,,,,,53408,,76104,75044,122503,,105031,104193,103347,106749,104423,106936,105602,105381,102006,102881,100488,104120,104571,100358,97167,95481,93740,95656,93057,95944,93053,93698,103743,102384,99582,107592,114829,111776,110038,109863,111041,100141,94071,94856,96174,95664,96263,96274,105051,104148,100998,113370,113487,90756,89953,99605,103221,104013,101155,107821,102459,101288,94381,120875,117817,137213,128537,128218,126918,124899,117391,117083,115635,121385,117214
Current Liabilities,,,,,27009,,26109,23992,37225,,25924,24681,24172,28636,29171,30471,27856,28909,27094,30798,29131,29186,27543,23450,20373,23366,24790,21938,19920,21587,20222,24143,27845,29399,28735,32099,34759,31115,24864,27182,28217,30427,27365,32156,29013,31858,29423,32030,36974,37304,33890,32723,34154,25920,26652,35664,41803,42671,39268,47410,44314,42138,36562,34647,31136,47794,40497,43819,43211,42995,36452,37726,36596,36984,34348
Stockholders Equity,71432,65124,,,57556,,63041,66157,90014,,89659,86439,87635,87813,90067,88481,90047,82190,83256,79547,81703,81260,82250,78547,77969,76307,77769,76633,77988,71301,67304,66894,66838,64720,63068,62769,63306,59544,58435,58368,60770,71308,70184,69778,71319,63407,58806,59568,65103,63143,65026,64336,65259,63238,68620,70042,75691,77201,82424,87208,92631,95661,100970,99019,96934,89014,92282,87700,92286,88203,90338,88695,92801,86476,90101
