# Income Statement for NVDA (quarterly), USD in millions unless the row says otherwise
# SEC EDGAR facts filed on or before 2025-11-14, at the values filed then

,2008-07-27,2008-10-26,2009-04-26,2009-07-26,2009-10-25,2010-01-31,2010-05-02,2010-07-31,2010-08-01,2010-10-31,2011-01-30,2011-05-01,2011-07-31,2011-10-30,2012-01-29,2012-04-29,2012-07-29,2012-10-28,2013-01-27,2013-04-28,2013-07-28,2013-10-27,2014-01-26,2014-04-27,2014-07-27,2014-10-26,2015-01-25,2015-04-26,2015-07-26,2015-10-25,2016-01-31,2016-05-01,2016-07-31,2016-10-30,2017-01-29,2017-04-30,2017-07-30,2017-10-29,2018-01-28,2018-04-29,2018-07-29,2018-10-28,2019-01-27,2019-04-28,2019-07-28,2019-10-27,2020-01-26,2020-04-26,2020-07-26,2020-10-25,2021-05-02,2021-08-01,2021-10-31,2022-05-01,2022-07-31,2022-10-30,2023-04-30,2023-07-30,2023-10-29,2024-04-28,2024-07-28,2024-10-27,2025-04-27,2025-07-27
Revenue,893,898,664,777,903,982,1002,811,811,844,886,962,1017,1066,953,925,1044,1204,1107,955,977,1054,1144,1103,1103,1225,1251,1151,1153,1305,1401,1305,1428,2004,2173,1937,2230,2636,2911,3207,3123,3181,2205,2220,2579,3014,3105,3080,3866,4726,5661,6507,7103,8288,6704,5931,7192,13507,18120,26044,30040,35082,44062,46743
Cost of Revenue,743,530,475,620,511,544,545,677,677,452,460,478,491,509,463,462,504,567,521,436,432,470,525,499,484,548,552,498,519,572,610,554,602,821,870,787,928,1067,1110,1139,1148,1260,998,924,1038,1098,1090,1076,1591,1766,2032,2292,2472,2857,3789,2754,2544,4045,4720,5638,7466,8926,17394,12890
Gross Profit,150,368,190,157,392,439,456,134,134,392,426,485,525,557,490,463,541,637,586,519,546,584,619,604,619,677,699,653,634,733,791,751,826,1183,1303,1150,1302,1569,1801,2068,1975,1921,1207,1296,1541,1916,2015,2004,2275,2960,3629,4215,4631,5431,2915,3177,4648,9462,13400,20406,22574,26156,26668,33853
Operating Income,-155,57,-231,-110,108,,147,,-175,104,,155,174,197,,73,140,252,,83,106,141,,151,163,213,,176,76,245,,245,317,639,,554,688,895,,1295,1157,1058,,358,571,927,,976,651,1398,1956,2444,2671,1868,499,601,2140,6800,10417,16909,18642,21869,21638,28440
Net Income,-121,62,-201,-105,108,131,138,-141,-141,85,172,135,152,178,116,60,119,209,174,78,96,119,147,137,128,173,193,134,26,247,207,208,261,542,655,507,583,838,1118,1244,1101,1230,567,394,552,899,950,917,622,1336,1912,2374,2464,1618,656,680,2043,6188,9243,14881,16599,19309,18775,26422
Diluted EPS (USD/shares),-0.22,0.11,-0.37,-0.19,0.19,0.23,0.23,-0.25,-0.25,0.15,0.29,0.22,0.25,0.29,0.19,0.10,0.19,0.33,0.28,0.13,0.16,0.20,0.25,0.24,0.22,0.31,0.35,0.24,0.05,0.44,0.35,0.35,0.41,0.83,0.99,0.79,0.92,1.33,1.78,1.98,1.76,1.97,0.92,0.64,0.90,1.45,1.53,1.47,0.25,0.53,0.76,0.94,0.97,0.64,0.26,0.27,0.82,0.25,0.37,0.60,0.67,0.78,0.76,1.08
